date	mktret	bondret
19411129	-0.020271	-0.003202
19411231	-0.046692	-0.024244
19420131	0.008979	0.006948
19420228	-0.023651	0.001138
19420331	-0.065144	0.009187
19420430	-0.043583	-0.002925
19420529	0.060174	0.007522
19420630	0.025772	0.000294
19420731	0.035326	0.001762
19420831	0.018408	0.003752
19420930	0.027069	0.000329
19421031	0.069088	0.002427
19421130	0.001177	-0.003506
19421231	0.05129	0.004905
19430130	0.073382	0.003273
19430227	0.060478	-0.000556
19430331	0.061794	0.000926
19430430	0.007333	0.004821
19430529	0.057142	0.00504
19430630	0.017351	0.001832
19430731	-0.047753	-0.00008
19430831	0.013444	0.002069
19430930	0.024077	0.00109
19431030	-0.011573	0.000494
19431130	-0.059903	-0.000058
19431231	0.064217	0.0018
19440131	0.01803	0.002106
19440229	0.003459	0.0032
19440331	0.024768	0.002084
19440429	-0.016484	0.001337
19440531	0.050909	0.002779
19440630	0.056842	0.00078
19440731	-0.015194	0.00363
19440831	0.015597	0.002692
19440930	0.000453	0.001406
19441031	0.002119	0.001196
19441130	0.016668	0.002367
19441230	0.04107	0.004219
19450131	0.020218	0.012659
19450228	0.064477	0.007666
19450331	-0.039177	0.002052
19450430	0.078232	0.016025
19450531	0.018185	0.005627
19450630	0.004676	0.016879
19450731	-0.022066	-0.008593
19450831	0.061826	0.002589
19450929	0.048297	0.005423
19451031	0.038749	0.010428
19451130	0.054859	0.012545
19451231	0.013003	0.019429
19460131	0.063402	0.002523
19460228	-0.058257	0.003182
19460330	0.057941	0.001014
19460430	0.042293	-0.013537
19460531	0.040195	-0.001237
19460628	-0.038668	0.007003
19460731	-0.026309	-0.003992
19460830	-0.064468	-0.011153
19460930	-0.102023	-0.00094
19461031	-0.014164	0.007378
19461130	0.000697	-0.005414
19461231	0.050161	0.014475
19470131	0.013084	-0.000628
19470228	-0.011091	0.002101
19470331	-0.01679	0.001981
19470430	-0.047698	-0.003675
19470529	-0.009625	0.003342
19470630	0.053226	0.001018
19470731	0.041348	0.006251
19470829	-0.017357	0.008132
19470930	-0.004667	-0.004354
19471031	0.024831	-0.00374
19471231	0.030708	-0.019199
19480331	0.082628	0.003421
19480430	0.038128	0.004469
19480528	0.074319	0.01412
19480630	-0.00028	-0.008406
19480730	-0.050288	-0.002126
19480831	0.003762	0.000139
19480930	-0.029813	0.001397
19481130	-0.092077	0.007578
19481231	0.032566	0.005617
19490131	0.003074	0.008172
19490228	-0.028852	0.004887
19490331	0.041537	0.007448
19490531	-0.028488	0.001946
19490630	0.00218	0.016705
19490729	0.056377	0.003345
19490831	0.026916	0.011111
19490930	0.032082	-0.001145
19491031	0.031801	0.001877
19491130	0.018535	0.002103
19500131	0.017764	-0.006128
19500228	0.015234	0.002117
19500331	0.012742	0.000821
19500531	0.044173	0.003311
19500630	-0.058018	-0.002504
19500731	0.016122	0.005549
19500831	0.050875	0.001396
19500929	0.049044	-0.007247
19501031	-0.001184	-0.004774
19501130	0.029056	0.003503
19510131	0.058735	0.005781
19510228	0.014086	-0.007392
19510430	0.050061	-0.006255
19510531	-0.022464	-0.006915
19510629	-0.025533	-0.006161
19510731	0.071611	0.013836
19510831	0.045004	0.009854
19510928	0.009087	-0.007957
19511031	-0.022629	0.001021
19511130	0.006193	-0.013607
19511231	0.035266	-0.006097
19520131	0.017002	0.002818
19520229	-0.025141	0.001395
19520331	0.04587	0.011072
19520430	-0.049148	0.01707
19520529	0.032847	-0.003354
19520630	0.039575	0.000301
19520731	0.011404	-0.001969
19520829	-0.006733	-0.006995
19520930	-0.019147	-0.013009
19521031	-0.005309	0.014773
19521128	0.059347	-0.001545
19521231	0.031066	-0.008587
19530130	-0.001644	0.001177
19530227	-0.00182	-0.008685
19530331	-0.012862	-0.008818
19530430	-0.027705	-0.010516
19530529	0.006921	-0.014752
19530630	-0.016377	0.022258
19530731	0.025111	0.003935
19530831	-0.044056	-0.000755
19530930	0.00301	0.029931
19531030	0.047523	0.007438
19531130	0.028501	-0.004943
19531231	0.000678	0.020608
19540129	0.052722	0.00893
19540226	0.017551	0.023964
19540331	0.037377	0.00583
19540430	0.043162	0.010377
19540528	0.031704	-0.008706
19540630	0.01156	0.016263
19540730	0.050668	0.013443
19540831	-0.022763	-0.003603
19540930	0.064633	-0.000974
19541029	-0.016216	0.000628
19541130	0.095387	-0.002496
19541231	0.055469	0.006414
19550131	0.006838	-0.024116
19550228	0.031354	-0.007836
19550331	-0.000995	0.003803
19550429	0.032352	0.002694
19550531	0.012033	0.008189
19550630	0.066108	-0.005227
19550729	0.020246	-0.008111
19550831	0.004197	0.001455
19550930	-0.002009	0.011917
19551031	-0.025752	0.007499
19551130	0.071864	-0.001599
19551230	0.016543	0.004898
19560131	-0.028119	0.006267
19560229	0.03961	0.00141
19560329	0.068456	-0.014378
19560430	0.005083	-0.009933
19560531	-0.049309	0.024215
19560629	0.037251	0.002995
19560731	0.05083	-0.024001
19560831	-0.02982	-0.017714
19560928	-0.049608	0.00305
19561031	0.007292	-0.006992
19561130	0.004678	-0.007299
19561231	0.034957	-0.021192
19570131	-0.032121	0.039325
19570228	-0.018703	0.001095
19570329	0.024112	-0.001425
19570430	0.045179	-0.025012
19570531	0.036679	-0.002643
19570731	0.008938	0.004566
19570830	-0.050051	-0.000038
19570930	-0.057586	0.009974
19571031	-0.041251	-0.004189
19571129	0.025605	0.05493
19571231	-0.03736	0.034926
19580131	0.049595	-0.015496
19580228	-0.014257	0.016872
19580331	0.0337	0.009601
19580430	0.030833	0.02206
19580529	0.024582	0.012067
19580630	0.029493	-0.018655
19580731	0.044844	-0.036621
19580829	0.019181	-0.04342
19580930	0.04868	-0.0141285
19581031	0.027184	0.014588
19581128	0.03061	0.0140445
19581231	0.053099	-0.0198945
19590130	0.00912	-0.0105065
19590227	0.01122	0.008097
19590331	0.004669	-0.001575
19590430	0.037899	-0.010404
19590529	0.019595	-0.002183
19590630	0.000676	0.001543
19590731	0.034362	0.008106
19590831	-0.012446	-0.0107065
19590930	-0.044977	0.000217
19591030	0.015746	0.016199
19591130	0.018557	-0.0119395
19591231	0.028043	-0.0238645
19600129	-0.066244	0.0093725
19600229	0.014419	0.0183895
19600331	-0.012822	0.0389805
19600429	-0.015271	-0.018671
19600531	0.034098	0.019872
19600630	0.022833	0.022916
19600729	-0.022705	0.0368905
19600831	0.032215	-0.011399
19600930	-0.058673	0.001951
19601031	-0.004705	-0.0010065
19601130	0.048617	-0.015506
19601230	0.048537	0.031404
19610131	0.063952	-0.0118265
19610228	0.037005	0.02138
19610330	0.03061	0.0007245
19610428	0.005645	0.013722
19610531	0.025894	0.006541
19610630	-0.028499	-0.0248355
19610731	0.029955	0.000499
19610831	0.026854	-0.013123
19610929	-0.01999	0.005999
19611031	0.027331	0.0056355
19611130	0.045451	-0.00162
19611229	0.000713	-0.005117
19620131	-0.036147	0.001621
19620228	0.019512	0.005731
19620330	-0.004688	0.0216895
19620430	-0.063435	0.0179345
19620531	-0.08462	0.0028335
19620629	-0.082615	-0.010298
19620731	0.065438	-0.0094405
19620831	0.023417	0.0276255
19620928	-0.050156	0.009765
19621031	0.002184	0.012428
19621130	0.110137	0.001799
19621231	0.011865	-0.001576
19630131	0.051848	0.001525
19630228	-0.021931	0.001281
19630329	0.032917	0.0006365
19630430	0.047439	-0.0028035
19630531	0.020051	0.0012775
19630628	-0.01803	0.0009695
19630731	-0.001718	0.0031695
19630830	0.052684	0.0028505
19630930	-0.011898	0.000425
19631031	0.027708	-0.004057
19631129	-0.005549	-0.0035385
19631231	0.021736	-0.01113
19640131	0.02579	0.0037365
19640228	0.017207	0.001669
19640331	0.017636	-0.00876
19640430	0.004608	0.007892
19640528	0.017403	0.013689
19640630	0.01508	0.0136925
19640731	0.020118	0.001221
19640831	-0.011266	0.000862
19640930	0.03048	0.0014365
19641030	0.008869	0.0072075
19641130	0.003089	0.0005475
19641231	0.00369	-0.000184
19650129	0.038646	0.0060685
19650226	0.006946	0.0009555
19650331	-0.009715	0.006561
19650430	0.033652	0.0050295
19650528	-0.00435	0.002737
19650630	-0.051868	0.0053505
19650730	0.016759	0.000438
19650831	0.030883	-0.0100145
19650930	0.031952	-0.0169945
19651029	0.029271	0.005891
19651130	0.003065	0.0043385
19651231	0.013545	-0.0078775
19660131	0.012122	0.0016645
19660228	-0.008621	-0.030765
19660331	-0.020923	0.0247235
19660429	0.024837	0.0009475
19660531	-0.052539	0.002948
19660630	-0.010317	-0.0127505
19660729	-0.01287	0.0041845
19660831	-0.075388	-0.0068455
19660930	-0.006958	0.019797
19661031	0.042294	0.0233035
19661130	0.017516	-0.01552
19661230	0.00621	0.034704
19670131	0.08553	0.027121
19670228	0.010945	-0.027648
19670331	0.043384	0.015975
19670428	0.041609	-0.0264585
19670531	-0.039293	-0.002902
19670630	0.026903	-0.023957
19670731	0.049189	0.0194345
19670831	-0.006282	-0.0051035
19670929	0.034286	-0.005048
19671031	-0.027433	-0.0401795
19671130	0.007902	0.0028675
19671229	0.033699	0.0096705
19680131	-0.03633	0.0389405
19680229	-0.033624	-0.0054415
19680329	0.005116	-0.030245
19680430	0.094148	0.0136955
19680531	0.027041	0.0046045
19680628	0.011527	0.025957
19680830	0.018038	-0.00071
19680930	0.044454	-0.012644
19681031	0.009041	-0.0147745
19681129	0.058502	-0.0212055
19681231	-0.033873	-0.0277095
19690131	-0.006711	-0.015902
19690228	-0.05364	-0.002746
19690328	0.030506	-0.0202685
19690430	0.020526	0.0461015
19690529	0.00504	-0.0388855
19690630	-0.067387	0.029609
19690731	-0.065172	0.012021
19690829	0.05149	-0.004852
19690930	-0.02259	-0.062019
19691031	0.055638	0.0526615
19691128	-0.032164	-0.0362245
19691231	-0.019681	-0.019106
19700130	-0.073254	0.0053415
19700227	0.056706	0.0761525
19700331	-0.004729	-0.0098575
19700430	-0.105318	-0.042217
19700529	-0.064346	-0.041897
19700630	-0.051075	0.063123
19700731	0.074169	0.032075
19700831	0.050036	-0.019293
19700930	0.047536	0.0309945
19701030	-0.018208	-0.0022135
19701130	0.050448	0.0589785
19701231	0.060723	-0.0237415
19710129	0.05203	0.0610025
19710226	0.016913	-0.0172945
19710331	0.044778	0.040112
19710430	0.033332	-0.0055935
19710528	-0.036409	0.004627
19710630	0.003119	-0.0011015
19710730	-0.040283	0.005305
19710831	0.042511	0.0479875
19710930	-0.005016	0.020456
19711029	-0.040682	0.019929
19711130	-0.001262	-0.0034855
19711231	0.091257	-0.0052025
19720131	0.028383	-0.008017
19720229	0.031349	0.0133185
19720330	0.008722	-0.004932
19720428	0.005505	0.007322
19720531	0.016375	0.0224605
19720630	-0.020896	-0.007664
19720731	-0.004254	0.021733
19720831	0.035966	0.006901
19720929	-0.007671	-0.004207
19721031	0.008676	0.0117285
19721130	0.049764	0.0137095
19721229	0.011243	-0.023003
19730131	-0.027453	-0.044366
19730228	-0.044368	0.000838
19730330	-0.00786	0.006869
19730430	-0.051766	0.003262
19730531	-0.024511	-0.008574
19730629	-0.008646	-0.002116
19730731	0.056956	-0.041822
19730831	-0.029657	0.032932
19730928	0.053935	0.039914
19731031	-0.000414	-0.015498
19731130	-0.120708	0.014764
19731231	0.011438	-0.006956
19740131	0.004413	-0.0032945
19740228	0.002346	-0.003141
19740329	-0.023364	-0.0291055
19740430	-0.04596	-0.020149
19740531	-0.041981	0.0176385
19740628	-0.022942	0.003849
19740731	-0.070874	-0.0076905
19740830	-0.087757	-0.0263795
19740930	-0.109718	0.0208515
19741031	0.165584	0.0446
19741129	-0.041046	0.0182125
19741231	-0.027005	0.0073435
19750131	0.1416	0.0224215
19750228	0.058412	0.007358
19750331	0.03019	-0.0319185
19750430	0.046497	-0.0206125
19750530	0.05514	0.0318895
19750630	0.051473	0.0264575
19750731	-0.060385	-0.0034125
19750829	-0.023557	-0.0115015
19750930	-0.03801	-0.017205
19751031	0.055857	0.04811
19751128	0.031223	-0.0073435
19751231	-0.010998	0.0356915
19760130	0.126011	0.014973
19760227	0.007313	0.0064715
19760331	0.026799	0.0177435
19760430	-0.010388	0.0004005
19760528	-0.009369	-0.0170005
19760630	0.044487	0.02059
19760730	-0.006159	0.007713
19760831	-0.001436	0.0163085
19760930	0.024484	0.018861
19761029	-0.020374	0.0112435
19761130	0.005363	0.033471
19761231	0.06159	0.036559
19770131	-0.036335	-0.0310395
19770228	-0.015762	0.0027125
19770331	-0.009247	0.0124855
19770429	0.004954	0.006157
19770531	-0.010787	0.006433
19770630	0.051364	0.0180805
19770729	-0.012806	-0.0114
19770831	-0.013343	0.0199315
19770930	0.001575	-0.006834
19771031	-0.039282	-0.008555
19771130	0.045435	0.0073065
19771230	0.008221	-0.011845
19780131	-0.055198	-0.0071795
19780228	-0.009275	-0.0012285
19780331	0.03401	-0.0048175
19780428	0.082853	-0.0020485
19780531	0.02323	-0.0169855
19780630	-0.010748	-0.003945
19780731	0.056741	0.0142965
19780831	0.042349	0.032154
19780929	-0.006887	-0.0074625
19781031	-0.110999	-0.024364
19781130	0.033785	0.0165195
19781229	0.017708	-0.010872
19790131	0.049489	0.0188825
19790228	-0.026766	-0.0152365
19790330	0.065616	0.012037
19790430	0.008523	-0.01015
19790531	-0.013577	0.0220365
19790629	0.046851	0.0340715
19790731	0.014993	-0.0070605
19790831	0.064729	-0.0052515
19790928	0.001426	-0.009419
19791031	-0.072662	-0.080677
19791130	0.063604	0.0281485
19791231	0.028216	0.005771
19800131	0.065607	-0.0747645
19800229	0.001015	-0.058916
19800331	-0.120224	-0.0128185
19800430	0.052287	0.142742
19800530	0.06009	0.0445365
19800630	0.037714	0.039091
19800731	0.069438	-0.047477
19800829	0.023553	-0.0378705
19800930	0.029497	-0.030026
19801031	0.020094	-0.0283225
19801128	0.104952	0.0141535
19801231	-0.034409	0.036141
19810130	-0.040086	-0.011716
19810227	0.015521	-0.039635
19810331	0.046184	0.031774
19810430	-0.011268	-0.05287
19810529	0.01355	0.049837
19810630	-0.010243	-0.004761
19810731	-0.00308	-0.034095
19810831	-0.056279	-0.040682
19810930	-0.063773	-0.017465
19811030	0.060162	0.079122
19811130	0.045849	0.113675
19811231	-0.028096	-0.047237
19820129	-0.02621	-0.001025
19820226	-0.051126	0.018873
19820331	-0.010099	0.024665
19820430	0.043267	0.032416
19820528	-0.028212	0.006632
19820630	-0.023912	-0.021771
19820730	-0.020526	0.045258
19820831	0.119013	0.082304
19820930	0.016761	0.059265
19821029	0.118636	0.079355
19821130	0.051934	-0.011947
19821231	0.014516	0.031309
19830131	0.04185	-0.028511
19830228	0.030215	0.051293
19830331	0.03468	-0.00931
19830429	0.074188	0.034507
19830531	0.013225	-0.038327
19830630	0.037839	0.003204
19830729	-0.031568	-0.047866
19830831	0.003463	0.002665
19830930	0.016059	0.050744
19831031	-0.028074	-0.013853
19831130	0.029556	0.018419
19831230	-0.010464	-0.0045
19840131	-0.013023	0.024019
19840229	-0.039073	-0.017601
19840330	0.013389	-0.015465
19840430	0.002534	-0.007647
19840531	-0.052342	-0.053997
19840629	0.023385	0.013634
19840731	-0.020621	0.068646
19840831	0.112689	0.029078
19840928	0.000404	0.033218
19841031	-0.000074	0.058907
19841130	-0.010685	0.00999
19841231	0.023656	0.011144
19850131	0.085718	0.03964
19850228	0.016896	-0.050693
19850329	-0.001747	0.0297015
19850430	-0.002186	0.0195055
19850531	0.055775	0.095472
19850628	0.017091	0.014849
19850731	-0.000251	-0.0132325
19850830	-0.004795	0.0242265
19850930	-0.039826	0.001635
19851031	0.044441	0.0335495
19851129	0.069228	0.0412185
19851231	0.043061	0.061739
19860131	0.009829	0.0029085
19860228	0.0725	0.1096235
19860331	0.053885	0.1001165
19860430	-0.007903	0.0002885
19860530	0.050844	-0.053733
19860630	0.014246	0.0654045
19860731	-0.0597	-0.011424
19860829	0.066181	0.039284
19860930	-0.079021	-0.037505
19861031	0.049303	0.012557
19861128	0.015093	0.0166775
19861231	-0.026388	-0.002357
19870130	0.128496	0.013728
19870227	0.047918	0.008835
19870331	0.023664	-0.0262815
19870430	-0.017001	-0.0560275
19870529	0.005125	-0.01382
19870630	0.043662	0.0185555
19870731	0.044248	-0.0253
19870831	0.037146	-0.022042
19870930	-0.020774	-0.048465
19871030	-0.225363	0.0814505
19871130	-0.072273	0.0000955
19871231	0.070327	0.022645
19880129	0.04488	0.0605025
19880229	0.051695	0.013516
19880331	-0.016598	-0.0359995
19880429	0.010991	-0.0215965
19880531	0.000448	-0.018313
19880630	0.051459	0.0478475
19880729	-0.007272	-0.025704
19880831	-0.028006	0.0018295
19880930	0.037202	0.04011
19881031	0.017646	0.033476
19881130	-0.016412	-0.0271195
19881230	0.021075	0.016282
19890131	0.066103	0.0240585
19890228	-0.016446	-0.0243305
19890331	0.021465	0.010788
19890428	0.048204	0.0268685
19890531	0.039338	0.038998
19890630	-0.004866	0.0641965
19890731	0.077131	0.021513
19890831	0.022127	-0.026736
19890929	-0.001474	0.001654
19891031	-0.029285	0.0436765
19891130	0.017814	0.0086395
19891229	0.018295	-0.003027
19900131	-0.070115	-0.0412515
19900228	0.014901	-0.004319
19900330	0.02414	-0.0024555
19900430	-0.028286	-0.028812
19900531	0.088934	0.0488955
19900629	-0.004196	0.0243635
19900731	-0.009403	0.0080835
19900831	-0.091905	-0.0486475
19900928	-0.053843	0.0115155
19901031	-0.012504	0.024576
19901130	0.065744	0.0463725
19901231	0.029513	0.0209245
19910131	0.049078	0.0114435
19910228	0.075847	0.004512
19910328	0.028923	0.0017435
19910430	0.003315	0.012993
19910531	0.040733	-0.001916
19910628	-0.044029	-0.0104215
19910731	0.046795	0.015799
19910830	0.026817	0.0356705
19910930	-0.010975	0.0336095
19911031	0.017815	5.8E-05
19911129	-0.037275	0.000473
19911231	0.106778	0.065018
19920131	-0.001182	-0.032531
19920228	0.013354	0.004003
19920331	-0.0237	-0.0112055
19920430	0.013419	-0.0024135
19920529	0.006439	0.028208
19920630	-0.019271	0.0129955
19920731	0.0399	0.044137
19920831	-0.02082	0.00461
19920930	0.012447	0.014147
19921030	0.010986	-0.0219665
19921130	0.040193	0.0069885
19921231	0.017768	0.0270695
19930129	0.012644	0.0269675
19930226	0.005402	0.035368
19930331	0.025116	0.00179
19930430	-0.0254	0.006182
19930528	0.029599	0.002666
19930630	0.00544	0.0430675
19930730	-0.000792	0.0179635
19930831	0.039479	0.043883
19930930	0.000641	0.0071145
19931029	0.018064	0.011766
19931130	-0.017606	-0.031587
19931231	0.019515	0.0001585
19940131	0.031466	0.0229905
19940228	-0.024226	-0.0448955
19940331	-0.045795	-0.0448435
19940429	0.009478	-0.0161895
19940531	0.00936	-0.0080025
19940630	-0.027909	-0.0125745
19940729	0.030633	0.034145
19940831	0.042597	-0.009461
19940930	-0.018363	-0.032923
19941031	0.01452	-0.00654
19941130	-0.037219	0.0049845
19941230	0.012609	0.0161605
19950131	0.020399	0.0264595
19950228	0.039615	0.028066
19950331	0.027041	0.0093055
19950428	0.025048	0.0173065
19950531	0.034007	0.084098
19950630	0.031169	0.0113485
19950731	0.040779	-0.0184145
19950831	0.009298	0.0222715
19950929	0.036365	0.0217155
19951031	-0.011314	0.0264375
19951130	0.042804	0.027923
19951229	0.015183	0.026965
19960131	0.028138	-0.001813
19960229	0.01631	-0.0523085
19960329	0.010925	-0.0205305
19960430	0.025508	-0.0189665
19960531	0.026802	-0.0068225
19960628	-0.008302	0.018667
19960731	-0.053814	-0.0005985
19960830	0.032448	-0.0156825
19960930	0.053035	0.0297475
19961031	0.013729	0.0414715
19961129	0.065577	0.034609
19961231	-0.011397	-0.028232
19970131	0.053473	-0.009695
19970228	-0.001122	-0.001772
19970331	-0.044868	-0.0272735
19970430	0.042373	0.022893
19970530	0.071624	0.0115685
19970630	0.044095	0.0210125
19970731	0.076514	0.0628855
19970829	-0.036291	-0.0321685
19970930	0.058499	0.0314445
19971031	-0.034436	0.035277
19971128	0.030404	0.0122265
19971231	0.017817	0.023096
19980130	0.004502	0.019805
19980227	0.073303	-0.0099085
19980331	0.051301	0.003822
19980430	0.010904	0.002402
19980529	-0.025748	0.021681
19980630	0.031944	0.027243
19980731	-0.023367	-0.005525
19980831	-0.157844	0.055256
19980930	0.063827	0.041405
19981030	0.074393	-0.0219635
19981130	0.062023	0.0113775
19981231	0.063051	-0.001867
19990129	0.038456	0.007669
19990226	-0.038085	-0.06217
19990331	0.037932	-0.0009485
19990430	0.049105	0.0012365
19990528	-0.020707	-0.0170795
19990630	0.050821	-0.0135065
19990730	-0.030716	-0.0103095
19990831	-0.009984	-0.0040875
19990930	-0.022845	0.00695
19991029	0.06215	-0.005988
19991130	0.036824	-0.0075215
19991231	0.083754	-0.0174405
20000131	-0.039607	0.010761
20000229	0.031782	0.03373
20000331	0.053499	0.04182
20000428	-0.059527	-0.0106495
20000531	-0.03887	-0.002563
20000630	0.051603	0.020781
20000731	-0.017712	0.01939
20000831	0.075007	0.0215985
20000929	-0.051144	-0.0190355
20001031	-0.024495	0.017911
20001130	-0.102373	0.0298065
20001229	0.020423	0.0262915
20010131	0.039599	0.000297
20010228	-0.099103	0.016421
20010330	-0.070393	-0.011037
20010430	0.083831	-0.037114
20010531	0.010455	0.006254
20010629	-0.017553	0.004746
20010731	-0.018298	0.0387585
20010831	-0.058982	0.0252945
20010928	-0.091485	0.001119
20011031	0.027836	0.0704375
20011130	0.078777	-0.053512
20011231	0.017852	-0.0188465
20020131	-0.015975	0.010793
20020228	-0.021696	0.0096825
20020328	0.044678	-0.045441
20020430	-0.049618	0.0381935
20020531	-0.010521	0.0018395
20020628	-0.070249	0.0184835
20020731	-0.081149	0.032535
20020830	0.007979	0.0528285
20020930	-0.09992	0.0421965
20021031	0.074923	-0.035044
20021129	0.061271	-0.007655
20021231	-0.053313	0.043329
20030131	-0.023392	-0.0045625
20030228	-0.01539	0.0299395
20030331	0.010325	-0.014604
20030430	0.082762	0.010483
20030530	0.063471	0.0609145
20030630	0.016336	-0.018617
20030731	0.023112	-0.09926
20030829	0.024966	0.016462
20030930	-0.009112	0.0566625
20031031	0.060319	-0.030375
20031128	0.016593	0.003972
20031231	0.045488	0.0146315
20040130	0.023051	0.017644
20040227	0.015458	0.022599
20040331	-0.010674	0.0140535
20040430	-0.024232	-0.0634395
20040528	0.014068	-0.0037705
20040630	0.021598	0.0127965
20040730	-0.037667	0.0156835
20040831	0.002713	0.0413675
20040930	0.020547	0.008886
20041029	0.017806	0.0172665
20041130	0.048207	-0.024121
20041231	0.035178	0.027041
20050131	-0.026555	0.033454
20050228	0.02268	-0.0151625
20050331	-0.016949	-0.0026535
20050429	-0.025185	0.0372
20050531	0.037956	0.0323405
20050630	0.011532	0.0201765
20050729	0.043325	-0.0340005
20050831	-0.005945	0.0341655
20050930	0.010606	-0.0371835
20051031	-0.020877	-0.021217
20051130	0.040329	0.0102285
20051230	0.003456	0.026928
20060131	0.040044	-0.013544
20060228	-0.001637	0.010765
20060331	0.019053	-0.0478525
20060428	0.012965	-0.031258
20060531	-0.031045	-0.003578
20060630	-0.000386	0.010746
20060731	-0.001884	0.0221175
20060831	0.025048	0.0312585
20060929	0.019424	0.0199335
20061031	0.037133	0.009811
20061130	0.023705	0.0244795
20061229	0.010854	-0.0296275
20070131	0.019401	-0.0091065
20070228	-0.013994	0.0323485
20070330	0.012946	-0.016764
20070430	0.039821	0.008386
20070531	0.038932	-0.0232365
20070629	-0.014754	-0.0110945
20070731	-0.031758	0.034697
20070831	0.011631	0.016241
20070928	0.040849	0.0018885
20071031	0.025834	0.017106
20071130	-0.049327	0.055712
20071231	-0.004428	-0.0074035
20080131	-0.062147	0.0255705
20080229	-0.021664	-0.003593
20080331	-0.010419	0.0170545
20080430	0.051106	-0.0220005
20080530	0.023841	-0.033115
20080630	-0.078433	0.0299835
20080731	-0.013328	-0.0024735
20080829	0.010563	0.026132
20080930	-0.098007	0.0150645
20081031	-0.184621	-0.0216695
20081128	-0.084615	0.159272
20081231	0.022148	0.1189885
20090130	-0.077323	-0.1266565
20090227	-0.100214	-0.010312
20090331	0.08669	0.0462475
20090430	0.109359	-0.0729115
20090529	0.067788	-0.035747
20090630	-0.003098	0.0058635
20090731	0.081719	0.0080205
20090831	0.031459	0.022683
20090930	0.045222	0.020619
20091030	-0.027993	-0.019534
20091130	0.057098	0.012741
20091231	0.028419	-0.0601415
20100129	-0.037096	0.028446
20100226	0.034774	-0.005295
20100331	0.063606	-0.016895
20100430	0.020043	0.032309
20100528	-0.079136	0.047244
20100630	-0.050725	0.052325
20100730	0.070292	-0.00704
20100831	-0.042813	0.080186
20100930	0.091518	-0.0223465
20101029	0.038531	-0.038384
20101130	0.005108	-0.017658
20101231	0.06715	-0.036194
20110131	0.019157	-0.026445
20110228	0.038165	0.0115115
20110331	0.003366	0.0015415
20110429	0.028688	0.020937
20110531	-0.014935	0.033684
20110630	-0.018395	-0.018351
20110729	-0.02247	0.044604
20110831	-0.057472	0.091357
20110930	-0.084873	0.1051585
20111031	0.113977	-0.0299885
20111130	-0.006226	0.018837
20111230	0.003702	0.0308335
20120131	0.054076	-0.002836
20120229	0.041186	-0.0226425
20120330	0.023994	-0.04046
20120430	-0.006801	0.044451
20120531	-0.065531	0.0907375
20120629	0.038156	-0.0183445
20120731	0.010266	0.0399605
20120831	0.026265	-0.0158995
20120928	0.026539	-0.024212
20121031	-0.014101	-0.0032985
20121130	0.006193	0.0121505
20121231	0.012531	-0.0215955
20130131	0.054094	-0.036555
20130228	0.008332	0.014476
20130328	0.035274	-0.0012665
20130430	0.014945	0.04313
20130531	0.019067	-0.063851
20130628	-0.015039	-0.0369165
20130731	0.052681	-0.0194085
20130830	-0.025714	-0.012657
20130930	0.037477	0.007185
20131031	0.039852	0.011223
20131129	0.024947	-0.0251135
20131231	0.026126	-0.022476
20140131	-0.029957	0.064651
20140228	0.046173	0.0065275
20140331	0.004469	0.006028
20140430	0.001661	0.0193305
20140530	0.020219	0.0273095
20140630	0.027941	-0.003248
20140731	-0.020523	0.009671
20140829	0.040186	0.0437985
20140930	-0.025129	-0.017813
20141031	0.021184	0.0278615
20141128	0.02115	0.0328575
20141231	-0.003616	0.0291275
20150130	-0.027152	0.0946985
20150227	0.055948	-0.0611585
20150331	-0.010439	0.013302
20150430	0.008723	-0.032479
20150529	0.010326	-0.0253095
20150630	-0.019259	-0.035887
20150731	0.012095	0.042673
20150831	-0.059996	-0.008727
20150930	-0.033738	0.0245565
20151030	0.073963	-0.009123
20151130	0.002442	-0.007479
20151231	-0.022257	-0.0052915
20160129	-0.057035	0.05361
20160229	0.000682	0.028934
20160331	0.07046	0.001961
20160429	0.011799	-0.010016
20160531	0.014296	0.007354
20160630	0.003123	0.0704035
20160729	0.03874	0.017092
20160831	0.002787	-0.0118095
20160930	0.003016	-0.0136675
20161031	-0.02159	-0.0429765
20161130	0.040415	-0.078612
20161230	0.018775	-0.003224
20170131	0.022177	0.0026935
20170228	0.032638	0.0133745
20170331	0.002089	-0.0001835
20170428	0.009612	0.013649
20170531	0.00934	0.017401
20170630	0.00946	0.006005
20170731	0.020327	-0.0095515
20170831	0.001591	0.033581
20170929	0.023704	-0.022252
20171031	0.019264	-0.0011395
20171130	0.027269	0.008528
20171229	0.012163	0.0157305